MIN																						
obj:	+1 th0_0	+1 th0_1	+1 th0_2 
																						
SUBJECT TO																						

onfin1:	-1 th0_0	-0.713178294573643 th0_1	-0.821705426356589 th0_2	+1 th1_0	+0.713178294573643 th1_1	+0.821705426356589 th1_2	=0

onfin2:	-1th0_0	-9.53846153846154th0_1	-6.30769230769231th0_2	+0th1_0	+0th1_1	+0th1_2	+1th2_0	+9.53846153846154th2_1	+6.30769230769231th2_2	+0th3_0	+0th3_1	+0th3_2	+0th4_0	+0th4_1	+0th4_2	+0th5_0	+0th5_1	+0th5_2	+0th6_0	+0th6_1	+0th6_2	=0

onfin3:	+0th0_0	+0th0_1	+0th0_2	-1th1_0	-0.652892561983471th1_1	-1.00826446280992th1_2	+0th2_0	+0th2_1	+0th2_2	+1th3_0	+0.652892561983471th3_1	+1.00826446280992th3_2	+0th4_0	+0th4_1	+0th4_2	+0th5_0	+0th5_1	+0th5_2	+0th6_0	+0th6_1	+0th6_2	=0

onfin4:	+0th0_0	+0th0_1	+0th0_2	-1th1_0	-0.634328358208955th1_1	-0.850746268656716th1_2	+0th2_0	+0th2_1	+0th2_2	+0th3_0	+0th3_1	+0th3_2	+1th4_0	+0.634328358208955th4_1	+0.850746268656716th4_2	+0th5_0	+0th5_1	+0th5_2	+0th6_0	+0th6_1	+0th6_2	=0

onfin5:	+0th0_0	+0th0_1	+0th0_2	-1th1_0	-0.848484848484848th1_1	-0.621212121212121th1_2	+0th2_0	+0th2_1	+0th2_2	+0th3_0	+0th3_1	+0th3_2	+0th4_0	+0th4_1	+0th4_2	+1th5_0	+0.848484848484848th5_1	+0.621212121212121th5_2	+0th6_0	+0th6_1	+0th6_2	=  -0.090909090909091

onfin6:	+0th0_0	+0th0_1	+0th0_2	+0th1_0	+0th1_1	+0th1_2	-1th2_0	-9.53846153846154th2_1	-6.30769230769231th2_2	+0th3_0	+0th3_1	+0th3_2	+0th4_0	+0th4_1	+0th4_2	+0th5_0	+0th5_1	+0th5_2	+1th6_0	+9.53846153846154th6_1	+6.30769230769231th6_2	= -1.84615384615385

nemneg3:	+0th0_0	+0th0_1	+0th0_2	+0th1_0	+0th1_1	+0th1_2	+0th2_0	+0th2_1	+0th2_2	+1th3_0	+0.652892561983471th3_1	+1.00826446280992th3_2	+0th4_0	+0th4_1	+0th4_2	+0th5_0	+0th5_1	+0th5_2	+0th6_0	+0th6_1	+0th6_2	>=0

nemneg4:	+0th0_0	+0th0_1	+0th0_2	+0th1_0	+0th1_1	+0th1_2	+0th2_0	+0th2_1	+0th2_2	+0th3_0	+0th3_1	+0th3_2	+1th4_0	+0.634328358208955th4_1	+0.850746268656716th4_2	+0th5_0	+0th5_1	+0th5_2	+0th6_0	+0th6_1	+0th6_2	>=0

nemneg5:	+0th0_0	+0th0_1	+0th0_2	+0th1_0	+0th1_1	+0th1_2	+0th2_0	+0th2_1	+0th2_2	+0th3_0	+0th3_1	+0th3_2	+0th4_0	+0th4_1	+0th4_2	+1th5_0	+0.848484848484848th5_1	+0.621212121212121th5_2	+0th6_0	+0th6_1	+0th6_2	>=0

nemneg6:	+0th0_0	+0th0_1	+0th0_2	+0th1_0	+0th1_1	+0th1_2	+0th2_0	+0th2_1	+0th2_2	+0th3_0	+0th3_1	+0th3_2	+0th4_0	+0th4_1	+0th4_2	+0th5_0	+0th5_1	+0th5_2	+1th6_0	+9.53846153846154th6_1	+6.30769230769231th6_2	>=0
																						
bounds																						
th0_0	free																					
th0_1	free																					
th0_2	free																					
th1_0	free																					
th1_1	free																					
th1_2	free																					
th2_0	free																					
th2_1	free																					
th2_2	free																					
th3_0	free																					
th3_1	free																					
th3_2	free																					
th4_0	free																					
th4_1	free																					
th4_2	free																					
th5_0	free																					
th5_1	free																					
th5_2	free																					
th6_0	free																					
th6_1	free																					
th6_2	free																					
																						
end																						
 
